grid = [[6,0,0,0,0,0], #easy
      [0,0,1,3,0,6],
      [0,0,4,0,0,0],
      [1,2,0,0,0,0],
      [0,0,0,0,0,4],
      [3,0,5,0,0,0]]

grid = [[0,3,0,1,0,0], #hard
      [0,0,0,6,4,0],
      [0,0,5,0,2,0],
      [0,0,0,0,0,0],
      [4,0,0,0,0,0],
      [0,5,1,0,0,0]]

grid = [[0,0,0,0,4,0], #expert
      [5,6,0,0,0,0],
      [3,0,2,6,5,4],
      [0,4,0,2,0,3],
      [4,0,0,0,6,5],
      [1,5,6,0,0,0]]

grid = [[0,0,0,3,0,0], #expert
      [0,0,0,0,5,0],
      [0,0,3,0,0,0],
      [0,5,0,0,0,0],
      [6,0,0,5,4,0],
      [0,0,2,0,6,0]]